10000000000000000000000000000000000000000000000000000000000000000000000000000001
00000000000000000000000000000000000000000000000000000000000000000000000000000000
00000000000000000000000000000000000000000000000000000000000000000000000000000000
00000000000000000000000000000000000000000000000000000000000000000000000000000000
00000000000000000000000000000000000000000000000000000000000000000000000000000000
00000000000000000000000000000001111011000000000000000000000000000000000000000000
00000000000000000000000000000011000000111100000000000000000000000000000000000000
00000000000000000000000000000110000000000011000000000000000000000000000000000000
00000000000000000000000000001111000000000001000000000000000000000000000000000000
00000000000000000000000000111100000000000000100000000000000000000000000000000000
00000000000000000000000111000100000000000000100000000000000000000000000000000000
00000000000000000000111000000100000000000000100000000000000000000000000000000000
00000000000000000011100000000100000000000000010000000000000000000000000000000000
00000000000000000110000000000100000000000000000000000000000000000000000000000000
00000000000000000100000000000100000000000000011111110000000000000000000000000000
00000000000000000100000000000100000000000101110000001110000000000000000000000000
00000000000000000100000000000100000101010000010000000001100000000000000000000000
00000000000000000110000000000110101000000000010000000000010000000000000000000000
00000000000000000010000000110111011000000000010000000000001000000000000000000000
00000000000000000001111110000001111110101010110101010110001000000000000000000000
00000000000000000000000000000001010000000000011000000000110000000000000000000000
00000000000000000000000000000010010000000000001100011001101100000000000000000000
00000000000000000000000000000100001000000000000011111111000100000000000000000000
00000000000000000000000000000100000110000000000101100000001000000000000000000000
00000000000000000000000000001100000000110000010010000000010000000000000000000000
00000000000000000000000001111111111110010110000100000001100000000000000000000000
00000000000000000000000001001111110111000001111000000110000000000000000000000000
00000000000000000000000001000000000010000101001011110000000000000000000000000000
00000000000000000000000011000000000011101000011100000000000000000000000000000000
00000000000000000000000010000000000000000001100000000000000000000000000000000000
00000000000000000000000100000000000000101010000000000000000000000000000000000000
10000000000000000000000110000000010100000000000000000000000000000000000000000001
00000000000000000000000001110101000000000000000000000000000000000000000000000000
00000000000000000000000000000000000000000000000000000000000000000000000000000000
00000000000000000000000000000000000000000000000000000000000000000000000000000000
00000000000000000000000000000000000000000000000000000000000000000000000000000000
00000000000000000000000000000000000000000000000000000000000000000000000000000000
00000000000000000000000000000000000000000000000000000000000000000000000000000000
00000000000000000000000000000000000000000000000000000000000000000000000000000000
10000000000000000000000000000000000000000000000000000000000000000000000000000001
